82
83
86
87
88
89
93
94
95
96
97
98
100
101
102
103
106
123
124
125
126
127
128
135
153
154
155
158
159
156
161
162
160
170
171
174
175
176
181
182
184
198
199
200
201
203
205
206
207
208
209
211
212
215
210
216
217
218
219
220
221
223
222
224
225
226
227
228
232
233
234
237
239
240
284
289
290
291
293
294
295
319
322
321
323
324
326
325
333
336
337
338
339
341
342
343
344
345
346
347
348
349
350
351
354
355
356
357
358
359
352
360
363
366
368
372
385
338
348
349
351
355
360
338
348
349
351
355
360
338
348
349
351
355
360
338
348
349
351
355
360
338
348
349
351
355
360
338
348
349
351
355
360
372
385
338
348
349
351
355
360
372
385
338
348
349
351
355
360
389
391
367
393
394
395
396
401
402
403
404
397
406
408
412
413
416
417
419
420
421
422
423
424
425
425
426
427
429
430
431
432
432
433
434
435
436
438
439
440
444
445
447
448
449
450
451
452
453
456
457
458
399
400
